* description: Enerdata; fuel consumption in XXX sector
* unit: various
* origin: calcOutput(type = "IFuelCons", aggregate = TRUE, file = i) (madrat 3.3.6 | mrprom 0.1.0)
* creation date: Wed Oct 11 10:10:58 2023
dummy,dummy,SE.Mtoe.HCL,SE.Mtoe.GDO,SE.Mtoe.NGS,AG.Mtoe.HCL,AG.Mtoe.GDO,AG.Mtoe.NGS,AG.Mtoe.RFO,AG.Mtoe.BMSWAS,AG.Mtoe.ELC,HOU.Mtoe.HCL,HOU.Mtoe.GDO,HOU.Mtoe.NGS,HOU.Mtoe.BMSWAS,HOU.Mtoe.LPG,HOU.GWh.ELC
y2010,LAM,0,5.43545217391304,4.5805935483871,0.009936,16.1435347826087,0.0242,16.7656212765958,5.78896875,3.65538461538462,0.108,20.7668,17.9526857142857,37.941912,20.2628,295071.085
y2010,OAS,0,5.54588125,2.11353333333333,0.00694166666666667,5.90395555555555,0.0402652173913044,5.93281111111111,0.0267458333333333,1.8050375,1.547875,10.3594166666667,12.515125,124.698307317073,7.94621081081081,176683.239486046
y2010,SSA,6.8920125,4.23028,0.0051,1.96495714285714,3.0797347826087,0,3.6824125,8.58103333333333,1.32188076923077,7.66373076923077,4.2538,0.00085,217.738463265306,1.78114054054054,86014.3264408163
y2010,EUR,1.51492666666667,18.3811,51.23258125,1.49611333333333,13.9425,4.7243,15.0449,2.05143636363636,4.4306,12.77326875,43.8828,130.05945625,44.9543,7.4716,849009.714
y2010,NEU,4.88053333333333,1.71114666666667,2.60628571428571,0.00221538461538462,5.50037333333333,0.0929333333333333,5.61237333333333,0.02976,0.88544,3.87712,4.81173333333333,7.07634285714286,7.59978666666667,1.55264,130596.266666667
y2010,MEA,0,6.597,24.36315,0,12.7151769230769,1.81944,13.2700615384615,0,4.93276875,0.03612,26.7618,103.43655,9.15213157894737,17.8461,394652
y2010,REF,3.9516,3.69693333333333,16.2942,0.3848,7.49106666666667,1.3112,8.28666666666667,0.4876,3.5076,4.18884,7.32384,98.6986666666667,3.95088,5.17853333333333,227270.181818182
y2010,CAZ,0.0214,2.1587,11.4816,0.044,4.651,0.6044,6.5758,1e-04,1.2088,0.0434,3.1582,16.3855,3.6522,0.7591,233849
y2010,CHA,64.272,17.8844,11.5952,44.7864,49.2332,0.1672,56.5068,0.300363020988574,33.5912,194.8476,30.1594666666667,38.6244,158.393466666667,36.9178,698786.666666667
y2010,IND,3.1663,1.3283,0.324,0.196352272288196,8.0626,0.1638,8.3645,0.0750907552471436,10.8684,2.5537,23.0973,0.7355,99.714,13.9733,158007
y2010,JPN,0.1908,11.7451,8.4915,0,4.3396,9e-04,4.9217,0,0.2823,0,14.6152,9.1493,0.176,5.275,298221
y2010,USA,1.2562,14.3066,71.2379,0,12.851,1.4937,15.6955,1.3565,0,0,21.5132,111.0322,12.9936,7.1092,1445712
y2011,LAM,0,5.7728347826087,4.67587741935484,0.00583199999999999,16.1413043478261,0.0264,16.8119234042553,6.0129,4.48130769230769,0.1485,20.5985,18.46044,37.252116,20.1096,306683.678
y2011,OAS,0,5.379740625,2.34238148148148,0.0124541666666667,6.82638055555556,0.0400521739130435,6.86040833333333,0.020825,1.841175,2.350075,10.44505,13.85965,123.098158536585,8.90396216216216,185023.17645814
y2011,SSA,7.5295125,3.9457,0.00765,2.19081428571429,3.48130434782609,0,4.1252625,9.0457,1.32521538461538,9.10663846153847,4.3971,0,225.34152244898,1.83407027027027,89687.2836795918
y2011,EUR,1.29834666666667,16.4611,44.1487875,1.31058666666667,13.638,4.61326875,14.6434,2.12572121212121,4.4207,11.14360625,38.2854,111.13155,40.248,6.662,815590.061
y2011,NEU,4.44586666666667,1.47210666666667,3.06102857142857,0.000492307692307692,5.97632,0.1632,6.07456,0.0341333333333333,0.813973333333333,3.55626666666667,3.95562666666667,9.59394285714286,6.3776,1.29226666666667,129122.133333333
y2011,MEA,0,5.25465,29.34155,0,11.8431923076923,2.34192,12.3995307692308,0,5.6020125,0.03612,26.5104,112.544775,9.07807894736842,18.1426,392154
y2011,REF,3.8596,5.09026666666667,16.22616,0.359733333333333,9.20533333333333,1.3632,10.054,0.4786,3.49407272727273,5.79324,8.93544,98.1778666666667,4.01988,6.29506666666667,232570.909090909
y2011,CAZ,0.0098,2.435,12.0252,0.0482,4.9644,0.7627,6.9839,1e-04,1.1915,0.0346,3.1368,17.8324,3.7596,0.8215,241429
y2011,CHA,72.1624,19.2868,12.9852,46.1788,51.8936,0.1872,59.9392,0.317060320417288,34.8436,193.4532,32.1594666666667,44.9002,147.0168,38.6004,765130.666666667
y2011,IND,3.4068,1.4001,0.945,0.202044003064812,8.8031,0.1492,9.0671,0.0792650801043219,12.1226,2.721,23.4364,0.7587,101.1085,15.0205,172161
y2011,JPN,0.1688,12.3514,8.7719,0,4.0415,8e-04,4.5631,0,0.3173,0,14.0163,9.1424,0.1792,4.842,283210
y2011,USA,1.0345,12.0119,72.1072,0,9.9318,1.309,14.8475,1.6227,0,0,17.1479,109.3569,12.6537,5.47,1422799
y2012,LAM,0,5.67739565217391,4.88386451612903,0.009504,16.4819739130435,0.0112,17.1269617021277,6.0780375,4.71198461538461,0.1485,20.7158,19.26828,37.607544,20.2739,319871.934
y2012,OAS,0,5.544196875,2.45254074074074,0.0055125,8.10881944444444,0.0381347826086956,8.25513888888889,0.0230708333333333,1.7817625,2.025625,10.6965833333333,15.0906,120.69656097561,9.81840810810811,200244.047939535
y2012,SSA,12.2852625,4.55362,0.00765,3.18167142857143,3.57044347826087,0,4.2289625,8.58216666666667,1.27519615384615,15.0057692307692,4.2683,0,227.117155102041,2.19038108108108,92960.4577469388
y2012,EUR,1.18342666666667,16.3179,46.9265875,1.35206666666667,13.0431,4.7780625,14.031,2.25471515151515,4.4947,11.39881875,37.7328,118.5059375,45.5064,6.4236,833635.237
y2012,NEU,5.30586666666667,1.46368,3.40365714285714,0.000369230769230769,4.55573333333333,0.267333333333333,4.66282666666667,0.0392533333333333,0.88928,3.53696,3.71285333333333,9.81691428571429,6.45269333333333,0.941226666666667,133280
y2012,MEA,0,5.1777,31.2277,0,11.6236615384615,2.88288,12.0830769230769,0,6.05535,0.03612,26.4995,106.3253625,9.02834210526316,18.3975,418858
y2012,REF,3.85466666666667,3.41693333333333,15.17892,0.343466666666667,7.92173333333333,1.40786666666667,8.7388,0.4816,3.52025454545455,4.99728,9.92328,83.4732,4.3122,7.1124,236160
y2012,CAZ,0.0069,2.5346,11.2303,0.0813,4.883,0.8526,6.8713,2e-04,1.1967,0.0262,2.8347,16.8258,3.676,0.8666,239083
y2012,CHA,75.8936,20.5189333333333,15.3078,47.474,54.4884,0.2156,62.8724,0.305599073522106,34.8324,193.866,33.1074666666667,48.8922,136.483733333333,39.2782,845506.666666667
y2012,IND,3.6668,1.4785,1.2121,0.211483429405944,9.4443,0.1555,9.661,0.0763997683805266,12.6817,2.769,23.0156,0.7819,100.9262,15.3278,185797
y2012,JPN,0.1191,11.8829,8.3189,0,3.9418,0.001,4.4593,0,0.3102,0,14.0731,9.1382,0.2279,5.1212,288741
y2012,USA,0.654,9.7116,65.8705,0,9.4892,1.2428,14.3083,1.1825,0,0,14.2415,96.5216,10.6153,3.806,1374594
y2013,LAM,0,5.66354347826087,5.02025806451613,0.008208,15.7238608695652,0.0318,16.1709319148936,6.0827625,4.82566153846154,0.131053846153846,20.707,20.1605142857143,38.387304,20.2125,331372.2149
y2013,OAS,0,5.901590625,2.31588518518519,0.0049,7.85252222222222,0.040904347826087,8.02483888888889,0.0230708333333333,1.900740625,2.309825,11.2971833333333,14.219975,120.5988,10.7013351351351,214573.64144186
y2013,SSA,12.7621125,5.78935,0.0085,2.96164285714286,4.17401739130435,0,4.83055,9.21173333333333,1.34777307692308,15.7766538461538,4.2568,0,233.439697959184,2.19754864864865,94725.5146653061
y2013,EUR,1.16042,16.9483,49.3937125,1.34175333333333,13.2794,4.70528125,14.3199,2.59110909090909,4.4727,11.0400125,38.0541,120.136875,46.1682,6.4883,829264.374
y2013,NEU,4.17813333333333,1.48512,3.74754285714286,0.00270769230769231,4.41877333333333,0.1568,4.54058666666667,0.03744,0.802773333333333,2.54485333333333,3.95509333333333,10.5592,6.02421333333333,1.18688,134216.533333333
y2013,MEA,0,5.78565,33.96225,0,9.3135,3.92112,9.72170769230769,0,6.2320125,0.03612,25.1011,118.376475,9.00612631578947,17.8515,438976
y2013,REF,3.22893333333333,4.66466666666667,14.3748,0.318266666666667,7.47026666666667,2.02106666666667,8.2556,0.4828,3.60949090909091,4.2066,10.91448,83.0110666666667,4.5102,7.86106666666667,247673.454545455
y2013,CAZ,0.0032,2.4594,11.8255,0.0734,5.0468,0.8783,7.1057,2e-04,1.2658,0.0212,2.5273,18.172,3.9454,0.7763,244195
y2013,CHA,80.4224,20.5266666666667,15.9876,51.5188,58.8132,0.232,67.4556,0.321015012419275,35.3244,193.928,36.6264,54.679,124.506133333333,44.3242,947745.333333333
y2013,IND,3.8337,1.3765,1.2289,0.226732574796172,9.6222,0.1677,9.7996,0.0802537531048187,13.136,2.852,23.6134,0.7373,100.7386,16.2812,202497
y2013,JPN,0.1215,13.2058,8.642,0,3.5918,8e-04,4.0559,9e-04,0.2964,0,13.5281,8.8817,0.1323,5.1018,283368
y2013,USA,0.6172,9.6784,75.0702,0,10.3073,1.2714,15.6826,1.1519,0,0,16.3023,113.8764,13.933,5.0226,1391032
y2014,LAM,0.005184,5.50729565217391,5.13418064516129,0.003024,15.5592782608696,0.0522,15.929770212766,6.25033125,5.07558461538461,0.168853846153846,20.7578,19.8571885714286,36.220932,20.3238,347780.5936
y2014,OAS,0,6.330953125,2.20808518518518,0.00571666666666667,7.44378055555556,0.040904347826087,7.63814722222222,0.0230708333333333,1.9238625,2.295125,11.57345,15.04335,119.385990243902,11.3652189189189,229802.064962791
y2014,SSA,13.09935,6.38537,0.0136,3.05052857142857,4.36537826086957,0,4.9283,8.88306666666666,1.31697692307692,16.2144692307692,4.1747,0,240.566375510204,2.19492972972973,96936.665877551
y2014,EUR,1.00436,15.5816,42.5788375,1.26582,13.0152,4.364325,13.9475,2.73452727272727,4.5864,9.86085,33.1702,98.295275,40.8615,5.8277,789878.055
y2014,NEU,4.33053333333333,1.25066666666667,3.60617142857143,0.00246153846153846,4.52192,0.124933333333333,4.67829333333333,0.03712,0.814613333333333,2.16256,3.20245333333333,10.076,5.73866666666667,1.12202666666667,131980.8
y2014,MEA,0,4.5027,34.489,0,8.88057692307692,5.07234,9.28361538461539,0,6.71855625,0.03612,23.3428,121.384725,9.03508421052632,17.2578,460023
y2014,REF,2.3148,4.7084,13.4856,0.329733333333333,8.74986666666667,1.62813333333333,9.5632,0.4804,3.61538181818182,6.2952,12.59016,88.8505333333333,4.26156,9.1824,255866.181818182
y2014,CAZ,0.0025,2.5266,12.6717,0.0358,5.4722,0.8952,7.4342,2e-04,1.2764,0.0195,2.407,19.2343,4.0048,0.7446,243133
y2014,CHA,76.2164,19.4692,17.8332,51.2132,60.8736,0.2644,70.2232,0.319547803651267,34.8608,194.9416,41.8897333333333,57.9714,121.599466666667,52.1814,974112
y2014,IND,3.9848,1.3641,1.1432,0.225428564959234,9.6656,0.1543,9.8376,0.0798869509128167,14.5265,2.6917,25.3563,0.6859,100.5313,18.1204,224345
y2014,JPN,0.1227,12.1681,8.555,0,3.5378,9e-04,3.9866,5e-04,0.2988,0,12.7098,8.8969,0.0318,4.7896,270828
y2014,USA,0.6193,8.9262,79.4175,0,10.2462,1.2707,14.9544,1.0832,0,0,15.2762,118.732,14.1801,3.6647,1416977
y2015,LAM,0.009504,5.38004347826087,4.81488387096774,0.003024,16.0537304347826,0.0909999999999999,16.5312382978723,6.56488125,5.121,0.1323,20.3494,20.2484571428571,36.460152,19.8388,356866.9312
y2015,OAS,0,5.84539375,2.15491111111111,0.00571666666666667,5.97963333333333,0.040904347826087,6.17318333333333,0.0230708333333333,1.924475,2.065,12.0083833333333,15.4623,118.123343902439,12.1598135135135,252105.795965116
y2015,SSA,11.4756375,5.47247,0.0187,2.68405714285714,4.07556521739131,0,4.7223875,9.22986666666667,1.57491923076923,14.1799615384615,4.2211,0,244.0809,2.43283783783784,100696.448534694
y2015,EUR,1.09004,15.8114,45.8160625,1.15996666666667,13.3145,3.9627,14.2631,2.57596363636364,4.7872,9.74525,34.0133,106.22843125,42.4399,5.6982,800134.135
y2015,NEU,4.59373333333333,2.01994666666667,3.85634285714286,0.00123076923076923,3.61472,0.198,3.75082666666667,0.03744,0.78944,2.27584,2.64778666666667,11.7845714285714,5.47093333333333,0.465066666666667,136248.533333333
y2015,MEA,0,4.29735,37.63515,0,8.25833076923077,6.0753,8.64214615384615,0,7.00153125,0.03612,22.697,126.0853125,9.09255789473684,17.2158,494287
y2015,REF,2.66413333333333,4.36306666666667,12.74916,0.286,7.90653333333333,1.92173333333333,8.4248,0.4214,3.71225454545455,6.80136,13.46496,88.0488,4.4448,9.48746666666667,260261.454545455
y2015,CAZ,0.0032,2.4941,12.3471,0.047,5.6858,0.9084,7.6081,2e-04,1.3328,0.0153,2.3391,18.5271,3.912,0.7367,242131
y2015,CHA,78.1712,21.1293333333333,19.68,54.5548,60.9104,0.318,70.8668,0.328620039120715,35.77,198.7652,47.9554666666667,60.8334,117.477066666667,61.214,1025645.33333333
y2015,IND,4.1662,1.839,1.1546,0.236862077602505,9.586,0.1607,9.7783,0.0821550097801788,14.8939,2.5727,26.366,0.6927,100.318,19.4105,245569
y2015,JPN,0.1203,10.6069,9.2659,0,3.9662,7e-04,4.4838,5e-04,0.2766,0,12.1252,8.5441,0.0318,4.6928,268093
y2015,USA,0.4246,10.7638,73.0936,0,9.6663,1.4412,14.8209,1.1925,0,0,15.6369,107.8064,10.5567,4.6984,1401616
y2016,LAM,0,5.6729347826087,4.15347096774193,0.002592,16.202347826087,0.0264,16.5066510638298,6.35748750000001,5.43793846153846,0.133753846153846,20.3937,21.0013714285714,36.5229,19.936,363565.907
y2016,OAS,0,7.13654375,2.07868888888889,0.0042875,6.24777222222222,0.0460173913043478,6.34958333333333,0.0249083333333333,2.19765,2.674525,12.4122833333333,17.185525,116.901690243902,12.8251540540541,267336.676323256
y2016,SSA,10.1521875,2.69025,0.03145,2.37878571428572,3.97156956521739,0,4.650775,9.52793333333334,1.33384615384615,12.5483538461538,4.3225,0,249.232732653061,2.68701081081081,116198.389695918
y2016,EUR,0.926953333333333,17.0323,46.495425,1.23567333333333,13.5193,4.0049875,14.765,2.81190303030303,4.8285,10.056775,32.749,111.91620625,41.8617,5.9566,812475.019
y2016,NEU,4.48946666666667,2.16309333333333,3.8648,0.00110769230769231,3.47978666666667,0.187466666666667,3.54496,0.0381866666666667,0.97152,2.43072,2.61781333333333,12.4606857142857,5.24117333333333,0.432213333333333,139898.085333333
y2016,MEA,0,3.92295,39.9882,0,7.65821538461538,7.25802,8.05285384615385,0,7.12425,0.03612,23.2088,135.384375,9.15312631578947,17.9131,494378
y2016,REF,2.81986666666667,3.672,14.07252,0.245066666666667,7.5372,2.2476,8.04333333333333,0.4024,3.74781818181818,7.33872,12.91908,96.2514666666667,5.01132,10.6692,270044.727272727
y2016,CAZ,0.0032,2.3482,12.3344,0.0264,5.7713,0.9475,7.7429,2e-04,1.1917,0.0142,2.3202,17.5443,5.0379,0.8864,237724
y2016,CHA,77.4284,20.4468,20.7982,57.7548,61.0328,0.3652,70.7352,0.33320030923994,37.5616,195.0296,52.8562666666667,64.1856,109.671466666667,70.9614,1139996
y2016,IND,4.3088,2.2082,1.5661,0.248583519784651,9.8135,0.1582,10.0213,0.0833000773099851,16.439,2.6898,26.7625,0.9396,100.0941,21.3186,263682
y2016,JPN,0.0778,10.2513,8.3719,0,4.1494,0.0024,4.7269,5e-04,0.2608,0,12.0604,8.7139,0.0318,4.4455,267530
y2016,USA,0.3307,11.8303,72.737,0,9.6561,1.4863,14.1443,1.1617,0,0,14.1458,101.7697,8.9377,4.5222,1409855
y2017,LAM,0,5.84326956521739,4.64765806451613,0.003456,16.9548260869565,0.0484,17.3466382978723,6.57179999999999,5.74158461538461,0.132715384615385,20.184,19.4975485714286,36.264564,19.7707,363970.069
y2017,OAS,0.729691666666667,7.22596875,2.02097777777778,0.4116,6.89416388888889,0.0513434782608695,7.14215833333333,0.0259291666666667,2.343425,5.41835,13.8381833333333,17.4755,116.395556097561,14.4630783783784,285530.892304651
y2017,SSA,11.06445,2.39564,0.23375,2.56092857142857,4.11259565217391,0,5.0058625,9.63163333333333,1.49057307692308,13.7178230769231,4.3325,0.03995,256.345463265306,2.92684864864865,109880.88147551
y2017,EUR,0.92038,17.0342,46.291,1.22490666666667,13.7202,3.9399625,14.954,2.94481212121212,4.9103,9.95658125,32.1169,110.71983125,42.1759,5.7834,814739.666
y2017,NEU,4.632,2.38261333333333,4.15645714285714,0.000984615384615385,3.99733333333333,0.2344,4.08266666666667,0.0423466666666667,0.971413333333333,2.34197333333333,2.44970666666667,14.2564571428571,4.95189333333333,0.42624,144090.970666667
y2017,MEA,0,3.6261,37.9799,0,7.91199230769231,8.13708,8.30792307692307,0,7.545825,0.03612,23.41,130.8050625,9.21568421052632,18.0594,512235.107
y2017,REF,2.408,4.32013333333333,14.45652,0.230133333333333,7.4672,2.35893333333333,8.03186666666667,0.4,3.79516363636364,8.10792,16.26384,106.187066666667,5.0946,13.5044,283862.989090909
y2017,CAZ,0.0027,2.2759,13.4383,0.0614,6.1197,0.9039,8.0619,2e-04,1.2337,0.0149,2.1387,18.4359,5.5166,0.824,239479.468
y2017,CHA,70.0176,21.1034666666667,22.6098,58.5132,63.1104,0.3812,73.0264,0.341385594883259,40.424,189.8644,56.584,70.9598,108.596,77.4324,1226631.84133333
y2017,IND,4.4281,2.5776,1.8306,0.254058908011344,10.4677,0.1634,10.6627,0.0853463987208147,17.1352,2.7896,26.7925,1.0984,99.8588,22.9914,281792.978
y2017,JPN,0.0712,9.9481,9.2125,0,4.1905,0.0017,4.7344,5e-04,0.3049,0,12.9298,9.1311,0.0338,4.7456,273977.48
y2017,USA,0.264,9.7113,74.046,0,8.3253,1.5008,13.9779,1.2073,0,0,14.3781,103.2566,7.8963,3.9875,1373686.237
y2018,LAM,0,5.90337391304348,4.96016129032258,0.00324,16.2475434782609,0.0678,16.6743957446809,6.55745624999999,6.17510769230769,0.127315384615385,20.4053,19.4167028571429,36.40734,20.0147,374432.3045
y2018,OAS,0.6811,7.441415625,1.72879259259259,0.379954166666667,6.99651944444445,0.0462304347826087,7.24778055555555,0.0230708333333333,2.3128,5.63115,13.9706,19.278175,107.231121951219,14.6398756756757,300575.761483721
y2018,SSA,19.0567875,2.13945,0.2499,4.35904285714286,4.10306086956521,0,5.0011875,9.809,1.58237307692308,23.8005230769231,4.5797,0.04165,257.215169387755,3.34932162162162,114420.725161224
y2018,EUR,0.8687,13.1606,47.25925625,1.15668,15.9502,3.73479375,17.4037,3.02208484848485,4.9157,9.31185625,30.4941,109.6680625,44.0578,6.0736,812454.445
y2018,NEU,2.30693333333333,2.16842666666667,4.69017142857143,0.000738461538461538,3.97173333333333,0.316666666666667,4.05429333333333,0.0475733333333333,1.20864,2.07605333333333,2.18325333333333,13.4427428571429,4.02122666666667,0.40096,144617.578666667
y2018,MEA,0,4.03995,44.86405,0,8.24266153846154,8.3664,8.65700769230769,0,7.41995625,0.03612,23.7392,139.2927375,9.3387,18.2846,508980.952
y2018,REF,1.8908,4.1004,14.55336,0.2264,7.4004,2.29973333333333,8.14866666666667,0.405,4.6824,8.57856,20.6184,120.712266666667,5.2218,17.8118666666667,286490.050909091
y2018,CAZ,0.0047,2.1807,14.6591,0.0489,6.3524,0.9762,8.2529,2e-04,1.2624,0.0076,2.1244,19.5044,5.4997,0.7914,244455.639
y2018,CHA,54.2168,21.8772,24.0606,50.5996,59.904,0.4348,70.82,0.34907352893691,42.7432,157.4592,55.6410666666667,79.0026,107.520533333333,75.567,1358066.50266667
y2018,IND,4.635,2.9099,1.9642,0.228929659215113,10.7453,0.1656,10.9523,0.0872683822342275,18.3532,2.7238,27.9263,1.1785,99.631,24.5461,295582.659
y2018,JPN,0.0138,11.3712,8.7515,0,3.4739,0.0011,3.9178,6e-04,0.2747,0,11.0164,8.5606,0.0176,4.2564,261810.089
y2018,USA,0.2224,9.2804,80.2423,0,8.0299,1.4505,14.3587,1.4285,0,0,15.226,114.0522,10.5181,4.9063,1461764.937
